  0
SECTION
  2
HEADER
  9
$ACADVER
  1
AC1024
  9
$ACADMAINTVER
 70
     6
  9
$DWGCODEPAGE
  3
ANSI_1252
  9
$INSBASE
 10
0.0
 20
0.0
 30
0.0
  9
$EXTMIN
 10
1.000000000000000E+20
 20
1.000000000000000E+20
 30
1.000000000000000E+20
  9
$EXTMAX
 10
-1.000000000000000E+20
 20
-1.000000000000000E+20
 30
-1.000000000000000E+20
  9
$LIMMIN
 10
0.0
 20
0.0
  9
$LIMMAX
 10
12.0
 20
9.0
  9
$ORTHOMODE
 70
     0
  9
$REGENMODE
 70
     1
  9
$FILLMODE
 70
     1
  9
$QTEXTMODE
 70
     0
  9
$MIRRTEXT
 70
     1
  9
$LTSCALE
 40
1.0
  9
$ATTMODE
 70
     1
  9
$TEXTSIZE
 40
0.2
  9
$TRACEWID
 40
0.05
  9
$TEXTSTYLE
  7
Standard
  9
$CLAYER
  8
0
  9
$CELTYPE
  6
ByLayer
  9
$CECOLOR
 62
   256
  9
$CELTSCALE
 40
1.0
  9
$DISPSILH
 70
     0
  9
$DIMSCALE
 40
1.0
  9
$DIMASZ
 40
0.18
  9
$DIMEXO
 40
0.0625
  9
$DIMDLI
 40
0.38
  9
$DIMRND
 40
0.0
  9
$DIMDLE
 40
0.0
  9
$DIMEXE
 40
0.18
  9
$DIMTP
 40
0.0
  9
$DIMTM
 40
0.0
  9
$DIMTXT
 40
0.18
  9
$DIMCEN
 40
0.09
  9
$DIMTSZ
 40
0.0
  9
$DIMTOL
 70
     0
  9
$DIMLIM
 70
     0
  9
$DIMTIH
 70
     1
  9
$DIMTOH
 70
     1
  9
$DIMSE1
 70
     0
  9
$DIMSE2
 70
     0
  9
$DIMTAD
 70
     0
  9
$DIMZIN
 70
     0
  9
$DIMBLK
  1

  9
$DIMASO
 70
     1
  9
$DIMSHO
 70
     1
  9
$DIMPOST
  1

  9
$DIMAPOST
  1

  9
$DIMALT
 70
     0
  9
$DIMALTD
 70
     2
  9
$DIMALTF
 40
25.4
  9
$DIMLFAC
 40
1.0
  9
$DIMTOFL
 70
     0
  9
$DIMTVP
 40
0.0
  9
$DIMTIX
 70
     0
  9
$DIMSOXD
 70
     0
  9
$DIMSAH
 70
     0
  9
$DIMBLK1
  1

  9
$DIMBLK2
  1

  9
$DIMSTYLE
  2
Standard
  9
$DIMCLRD
 70
     0
  9
$DIMCLRE
 70
     0
  9
$DIMCLRT
 70
     0
  9
$DIMTFAC
 40
1.0
  9
$DIMGAP
 40
0.09
  9
$DIMJUST
 70
     0
  9
$DIMSD1
 70
     0
  9
$DIMSD2
 70
     0
  9
$DIMTOLJ
 70
     1
  9
$DIMTZIN
 70
     0
  9
$DIMALTZ
 70
     0
  9
$DIMALTTZ
 70
     0
  9
$DIMUPT
 70
     0
  9
$DIMDEC
 70
     4
  9
$DIMTDEC
 70
     4
  9
$DIMALTU
 70
     2
  9
$DIMALTTD
 70
     2
  9
$DIMTXSTY
  7
Standard
  9
$DIMAUNIT
 70
     0
  9
$DIMADEC
 70
     0
  9
$DIMALTRND
 40
0.0
  9
$DIMAZIN
 70
     0
  9
$DIMDSEP
 70
    46
  9
$DIMATFIT
 70
     3
  9
$DIMFRAC
 70
     0
  9
$DIMLDRBLK
  1

  9
$DIMLUNIT
 70
     2
  9
$DIMLWD
 70
    -2
  9
$DIMLWE
 70
    -2
  9
$DIMTMOVE
 70
     0
  9
$DIMFXL
 40
1.0
  9
$DIMFXLON
 70
     0
  9
$DIMJOGANG
 40
0.7853981633974483
  9
$DIMTFILL
 70
     0
  9
$DIMTFILLCLR
 70
     0
  9
$DIMARCSYM
 70
     0
  9
$DIMLTYPE
  6

  9
$DIMLTEX1
  6

  9
$DIMLTEX2
  6

  9
$DIMTXTDIRECTION
 70
     0
  9
$LUNITS
 70
     2
  9
$LUPREC
 70
     4
  9
$SKETCHINC
 40
0.1
  9
$FILLETRAD
 40
0.5
  9
$AUNITS
 70
     0
  9
$AUPREC
 70
     0
  9
$MENU
  1
.
  9
$ELEVATION
 40
0.0
  9
$PELEVATION
 40
0.0
  9
$THICKNESS
 40
0.0
  9
$LIMCHECK
 70
     0
  9
$CHAMFERA
 40
0.5
  9
$CHAMFERB
 40
0.5
  9
$CHAMFERC
 40
1.0
  9
$CHAMFERD
 40
0.0
  9
$SKPOLY
 70
     0
  9
$TDCREATE
 40
2459967.030778646
  9
$TDUCREATE
 40
2459967.030778646
  9
$TDUPDATE
 40
2459967.03077868
  9
$TDUUPDATE
 40
2459967.03077868
  9
$TDINDWG
 40
0.0000000116
  9
$TDUSRTIMER
 40
0.0000000116
  9
$USRTIMER
 70
     1
  9
$ANGBASE
 50
0.0
  9
$ANGDIR
 70
     0
  9
$PDMODE
 70
     0
  9
$PDSIZE
 40
0.0
  9
$PLINEWID
 40
0.0
  9
$SPLFRAME
 70
     0
  9
$SPLINETYPE
 70
     6
  9
$SPLINESEGS
 70
     8
  9
$HANDSEED
  5
53
  9
$SURFTAB1
 70
     6
  9
$SURFTAB2
 70
     6
  9
$SURFTYPE
 70
     6
  9
$SURFU
 70
     6
  9
$SURFV
 70
     6
  9
$UCSBASE
  2

  9
$UCSNAME
  2

  9
$UCSORG
 10
0.0
 20
0.0
 30
0.0
  9
$UCSXDIR
 10
1.0
 20
0.0
 30
0.0
  9
$UCSYDIR
 10
0.0
 20
1.0
 30
0.0
  9
$UCSORTHOREF
  2

  9
$UCSORTHOVIEW
 70
     0
  9
$UCSORGTOP
 10
0.0
 20
0.0
 30
0.0
  9
$UCSORGBOTTOM
 10
0.0
 20
0.0
 30
0.0
  9
$UCSORGLEFT
 10
0.0
 20
0.0
 30
0.0
  9
$UCSORGRIGHT
 10
0.0
 20
0.0
 30
0.0
  9
$UCSORGFRONT
 10
0.0
 20
0.0
 30
0.0
  9
$UCSORGBACK
 10
0.0
 20
0.0
 30
0.0
  9
$PUCSBASE
  2

  9
$PUCSNAME
  2

  9
$PUCSORG
 10
0.0
 20
0.0
 30
0.0
  9
$PUCSXDIR
 10
1.0
 20
0.0
 30
0.0
  9
$PUCSYDIR
 10
0.0
 20
1.0
 30
0.0
  9
$PUCSORTHOREF
  2

  9
$PUCSORTHOVIEW
 70
     0
  9
$PUCSORGTOP
 10
0.0
 20
0.0
 30
0.0
  9
$PUCSORGBOTTOM
 10
0.0
 20
0.0
 30
0.0
  9
$PUCSORGLEFT
 10
0.0
 20
0.0
 30
0.0
  9
$PUCSORGRIGHT
 10
0.0
 20
0.0
 30
0.0
  9
$PUCSORGFRONT
 10
0.0
 20
0.0
 30
0.0
  9
$PUCSORGBACK
 10
0.0
 20
0.0
 30
0.0
  9
$USERI1
 70
     0
  9
$USERI2
 70
     0
  9
$USERI3
 70
     0
  9
$USERI4
 70
     0
  9
$USERI5
 70
     0
  9
$USERR1
 40
0.0
  9
$USERR2
 40
0.0
  9
$USERR3
 40
0.0
  9
$USERR4
 40
0.0
  9
$USERR5
 40
0.0
  9
$WORLDVIEW
 70
     1
  9
$SHADEDGE
 70
     3
  9
$SHADEDIF
 70
    70
  9
$TILEMODE
 70
     1
  9
$MAXACTVP
 70
    64
  9
$PINSBASE
 10
0.0
 20
0.0
 30
0.0
  9
$PLIMCHECK
 70
     0
  9
$PEXTMIN
 10
1.000000000000000E+20
 20
1.000000000000000E+20
 30
1.000000000000000E+20
  9
$PEXTMAX
 10
-1.000000000000000E+20
 20
-1.000000000000000E+20
 30
-1.000000000000000E+20
  9
$PLIMMIN
 10
0.0
 20
0.0
  9
$PLIMMAX
 10
12.0
 20
9.0
  9
$UNITMODE
 70
     0
  9
$VISRETAIN
 70
     1
  9
$PLINEGEN
 70
     0
  9
$PSLTSCALE
 70
     1
  9
$TREEDEPTH
 70
  3020
  9
$CMLSTYLE
  2
Standard
  9
$CMLJUST
 70
     0
  9
$CMLSCALE
 40
1.0
  9
$PROXYGRAPHICS
 70
     1
  9
$MEASUREMENT
 70
     0
  9
$CELWEIGHT
370
    -1
  9
$ENDCAPS
280
     0
  9
$JOINSTYLE
280
     0
  9
$LWDISPLAY
290
     1
  9
$INSUNITS
 70
     1
  9
$HYPERLINKBASE
  1

  9
$STYLESHEET
  1

  9
$XEDIT
290
     1
  9
$CEPSNTYPE
380
     0
  9
$PSTYLEMODE
290
     1
  9
$FINGERPRINTGUID
  2
{89E911B4-DC80-422A-8B5C-6F6910AB2FE6}
  9
$VERSIONGUID
  2
{FAEB1C32-E019-11D5-929B-00C0DF256EC4}
  9
$EXTNAMES
290
     1
  9
$PSVPSCALE
 40
0.0
  9
$OLESTARTUP
290
     0
  9
$SORTENTS
280
   127
  9
$INDEXCTL
280
     0
  9
$HIDETEXT
280
     1
  9
$XCLIPFRAME
280
     2
  9
$HALOGAP
280
     0
  9
$OBSCOLOR
 70
   257
  9
$OBSLTYPE
280
     0
  9
$INTERSECTIONDISPLAY
280
     0
  9
$INTERSECTIONCOLOR
 70
   257
  9
$DIMASSOC
280
     2
  9
$PROJECTNAME
  1

  9
$CAMERADISPLAY
290
     0
  9
$LENSLENGTH
 40
50.0
  9
$CAMERAHEIGHT
 40
0.0
  9
$STEPSPERSEC
 40
2.0
  9
$STEPSIZE
 40
6.0
  9
$3DDWFPREC
 40
2.0
  9
$PSOLWIDTH
 40
0.25
  9
$PSOLHEIGHT
 40
4.0
  9
$LOFTANG1
 40
1.570796326794897
  9
$LOFTANG2
 40
1.570796326794897
  9
$LOFTMAG1
 40
0.0
  9
$LOFTMAG2
 40
0.0
  9
$LOFTPARAM
 70
     7
  9
$LOFTNORMALS
280
     1
  9
$LATITUDE
 40
37.795
  9
$LONGITUDE
 40
-122.394
  9
$NORTHDIRECTION
 40
0.0
  9
$TIMEZONE
 70
 -8000
  9
$LIGHTGLYPHDISPLAY
280
     1
  9
$TILEMODELIGHTSYNCH
280
     1
  9
$CMATERIAL
347
3C
  9
$SOLIDHIST
280
     1
  9
$SHOWHIST
280
     1
  9
$DWFFRAME
280
     2
  9
$DGNFRAME
280
     2
  9
$REALWORLDSCALE
290
     1
  9
$INTERFERECOLOR
 62
   256
  9
$CSHADOW
280
     0
  9
$SHADOWPLANELOCATION
 40
0.0
  0
ENDSEC
  0
SECTION
  2
CLASSES
  0
CLASS
  1
ACDBDICTIONARYWDFLT
  2
AcDbDictionaryWithDefault
  3
ObjectDBX Classes
 90
        0
 91
        4
280
     0
281
     0
  0
CLASS
  1
VISUALSTYLE
  2
AcDbVisualStyle
  3
ObjectDBX Classes
 90
     4095
 91
        4
280
     0
281
     0
  0
CLASS
  1
MATERIAL
  2
AcDbMaterial
  3
ObjectDBX Classes
 90
     1153
 91
        4
280
     0
281
     0
  0
CLASS
  1
SUN
  2
AcDbSun
  3
SCENEOE
 90
     1024
 91
        4
280
     0
281
     0
  0
ENDSEC
  0
SECTION
  2
TABLES
  0
TABLE
  2
VPORT
  5
8
330
0
100
AcDbSymbolTable
 70
     1
  0
VPORT
  5
29
330
8
100
AcDbSymbolTableRecord
100
AcDbViewportTableRecord
  2
*Active
 70
     0
 10
0.0
 20
0.0
 11
1.0
 21
1.0
 12
0.0
 22
0.0
 13
0.0
 23
0.0
 14
0.5
 24
0.5
 15
0.5
 25
0.5
 16
0.0
 26
0.0
 36
1.0
 17
121.2130146995145
 27
-53.29907225230023
 37
0.0
 40
24.19490559290961
 41
5.274747259006124
 42
50.0
 43
0.0
 44
0.0
 50
0.0
 51
0.0
 71
     0
 72
   100
 73
     1
 74
     3
 75
     0
 76
     0
 77
     0
 78
     0
281
     0
 65
     1
110
0.0
120
0.0
130
0.0
111
1.0
121
0.0
131
0.0
112
0.0
122
1.0
132
0.0
 79
     0
146
0.0
 60
     3
 61
     5
292
     1
282
     1
141
0.0
142
0.0
 63
   250
361
3F
  0
ENDTAB
  0
TABLE
  2
LTYPE
  5
5
330
0
100
AcDbSymbolTable
 70
     1
  0
LTYPE
  5
14
330
5
100
AcDbSymbolTableRecord
100
AcDbLinetypeTableRecord
  2
ByBlock
 70
     0
  3

 72
    65
 73
     0
 40
0.0
  0
LTYPE
  5
15
330
5
100
AcDbSymbolTableRecord
100
AcDbLinetypeTableRecord
  2
ByLayer
 70
     0
  3

 72
    65
 73
     0
 40
0.0
  0
LTYPE
  5
16
330
5
100
AcDbSymbolTableRecord
100
AcDbLinetypeTableRecord
  2
Continuous
 70
     0
  3
Solid line
 72
    65
 73
     0
 40
0.0
  0
ENDTAB
  0
TABLE
  2
LAYER
  5
2
330
0
100
AcDbSymbolTable
 70
     2
  0
LAYER
  5
10
330
2
100
AcDbSymbolTableRecord
100
AcDbLayerTableRecord
  2
0
 70
     0
 62
     7
  6
Continuous
370
    -3
390
F
347
3E
  0
LAYER
  5
40
330
2
100
AcDbSymbolTableRecord
100
AcDbLayerTableRecord
  2
Layer 1
 70
     0
 62
     7
  6
Continuous
370
    -3
390
F
347
3E
  0
ENDTAB
  0
TABLE
  2
STYLE
  5
3
330
0
100
AcDbSymbolTable
 70
     1
  0
STYLE
  5
11
330
3
100
AcDbSymbolTableRecord
100
AcDbTextStyleTableRecord
  2
Standard
 70
     0
 40
0.0
 41
1.0
 50
0.0
 71
     0
 42
0.2
  3
txt
  4

  0
ENDTAB
  0
TABLE
  2
VIEW
  5
6
330
0
100
AcDbSymbolTable
 70
     0
  0
ENDTAB
  0
TABLE
  2
UCS
  5
7
330
0
100
AcDbSymbolTable
 70
     0
  0
ENDTAB
  0
TABLE
  2
APPID
  5
9
330
0
100
AcDbSymbolTable
 70
     1
  0
APPID
  5
12
330
9
100
AcDbSymbolTableRecord
100
AcDbRegAppTableRecord
  2
ACAD
 70
     0
  0
ENDTAB
  0
TABLE
  2
DIMSTYLE
  5
A
330
0
100
AcDbSymbolTable
 70
     1
100
AcDbDimStyleTable
  0
DIMSTYLE
105
27
330
A
100
AcDbSymbolTableRecord
100
AcDbDimStyleTableRecord
  2
Standard
 70
     0
178
     0
340
11
  0
ENDTAB
  0
TABLE
  2
BLOCK_RECORD
  5
1
330
0
100
AcDbSymbolTable
 70
     2
  0
BLOCK_RECORD
  5
1F
330
1
100
AcDbSymbolTableRecord
100
AcDbBlockTableRecord
  2
*Model_Space
340
22
 70
     0
280
     1
281
     0
  0
BLOCK_RECORD
  5
1B
330
1
100
AcDbSymbolTableRecord
100
AcDbBlockTableRecord
  2
*Paper_Space
340
1E
 70
     0
280
     1
281
     0
  0
BLOCK_RECORD
  5
23
330
1
100
AcDbSymbolTableRecord
100
AcDbBlockTableRecord
  2
*Paper_Space0
340
26
 70
     0
280
     1
281
     0
  0
BLOCK_RECORD
  5
41
330
1
100
AcDbSymbolTableRecord
100
AcDbBlockTableRecord
  2
block 2
340
0
102
{BLKREFS
331
42
102
}
 70
     0
280
     1
281
     0
  0
ENDTAB
  0
ENDSEC
  0
SECTION
  2
BLOCKS
  0
BLOCK
  5
20
330
1F
100
AcDbEntity
  8
0
100
AcDbBlockBegin
  2
*Model_Space
 70
     0
 10
0.0
 20
0.0
 30
0.0
  3
*Model_Space
  1

  0
ENDBLK
  5
21
330
1F
100
AcDbEntity
  8
0
100
AcDbBlockEnd
  0
BLOCK
  5
1C
330
1B
100
AcDbEntity
 67
     1
  8
0
100
AcDbBlockBegin
  2
*Paper_Space
 70
     0
 10
0.0
 20
0.0
 30
0.0
  3
*Paper_Space
  1

  0
ENDBLK
  5
1D
330
1B
100
AcDbEntity
 67
     1
  8
0
100
AcDbBlockEnd
  0
BLOCK
  5
24
330
23
100
AcDbEntity
  8
0
100
AcDbBlockBegin
  2
*Paper_Space0
 70
     0
 10
0.0
 20
0.0
 30
0.0
  3
*Paper_Space0
  1

  0
ENDBLK
  5
25
330
23
100
AcDbEntity
  8
0
100
AcDbBlockEnd
  0
BLOCK
  5
43
330
41
100
AcDbEntity
  8
0
100
AcDbBlockBegin
  2
block 2
 70
     0
 10
0.0
 20
0.0
 30
0.0
  3
block 2
  1

  0
SPLINE
  5
45
330
41
100
AcDbEntity
  8
Layer 1
 62
     7
370
    35
100
AcDbSpline
210
0.0
220
0.0
230
1.0
 70
    11
 71
     3
 72
    23
 73
    19
 74
     0
 42
0.0000000001
 43
0.0000000001
 12
1.0
 22
0.0
 32
0.0
 13
1.0
 23
0.0
 33
0.0
 40
0.0
 40
0.0
 40
0.0
 40
0.0
 40
1.0
 40
1.0
 40
1.0
 40
2.0
 40
2.0
 40
2.0
 40
3.0
 40
3.0
 40
3.0
 40
4.0
 40
4.0
 40
4.0
 40
5.0
 40
5.0
 40
5.0
 40
6.0
 40
6.0
 40
6.0
 40
6.0
 10
61.1909247351363
 20
-60.45625812290677
 30
0.0
 10
61.1909247351363
 20
-61.10376381935948
 30
0.0
 10
60.88224417965792
 20
-61.42725828542444
 30
0.0
 10
60.26522757824967
 20
-61.42725828542444
 30
0.0
 10
59.6478664672929
 20
-61.42725828542444
 30
0.0
 10
59.33953042136304
 20
-61.10376381935948
 30
0.0
 10
59.33953042136304
 20
-60.45625812290677
 30
0.0
 10
59.33953042136304
 20
-60.45625812290677
 30
0.0
 10
59.33953042136304
 20
-46.88706053515324
 30
0.0
 10
59.33953042136304
 20
-46.88706053515324
 30
0.0
 10
59.33953042136304
 20
-46.25488551360989
 30
0.0
 10
59.6478664672929
 20
-45.93879800283822
 30
0.0
 10
60.26522757824967
 20
-45.93879800283822
 30
0.0
 10
60.88224417965792
 20
-45.93879800283822
 30
0.0
 10
61.1909247351363
 20
-46.25488551360989
 30
0.0
 10
61.1909247351363
 20
-46.88706053515324
 30
0.0
 10
61.1909247351363
 20
-46.88706053515324
 30
0.0
 10
61.1909247351363
 20
-60.45625812290677
 30
0.0
 10
61.1909247351363
 20
-60.45625812290677
 30
0.0
  0
SPLINE
  5
46
330
41
100
AcDbEntity
  8
Layer 1
 62
     7
370
    35
100
AcDbSpline
210
0.0
220
0.0
230
1.0
 70
    11
 71
     3
 72
    62
 73
    58
 74
     0
 42
0.0000000001
 43
0.0000000001
 12
1.0
 22
0.0
 32
0.0
 13
1.0
 23
0.0
 33
0.0
 40
0.0
 40
0.0
 40
0.0
 40
0.0
 40
1.0
 40
1.0
 40
1.0
 40
2.0
 40
2.0
 40
2.0
 40
3.0
 40
3.0
 40
3.0
 40
4.0
 40
4.0
 40
4.0
 40
5.0
 40
5.0
 40
5.0
 40
6.0
 40
6.0
 40
6.0
 40
7.0
 40
7.0
 40
7.0
 40
8.0
 40
8.0
 40
8.0
 40
9.0
 40
9.0
 40
9.0
 40
10.0
 40
10.0
 40
10.0
 40
11.0
 40
11.0
 40
11.0
 40
12.0
 40
12.0
 40
12.0
 40
13.0
 40
13.0
 40
13.0
 40
14.0
 40
14.0
 40
14.0
 40
15.0
 40
15.0
 40
15.0
 40
16.0
 40
16.0
 40
16.0
 40
17.0
 40
17.0
 40
17.0
 40
18.0
 40
18.0
 40
18.0
 40
19.0
 40
19.0
 40
19.0
 40
19.0
 10
75.61777884394279
 20
-60.45625812290677
 30
0.0
 10
75.61777884394279
 20
-61.10376381935948
 30
0.0
 10
75.31650524375769
 20
-61.42725828542444
 30
0.0
 10
74.71464706248453
 20
-61.42725828542444
 30
0.0
 10
74.11244437166286
 20
-61.42725828542444
 30
0.0
 10
73.81151528102629
 20
-61.10376381935948
 30
0.0
 10
73.81151528102629
 20
-60.45625812290677
 30
0.0
 10
73.81151528102629
 20
-60.45625812290677
 30
0.0
 10
73.81151528102629
 20
-52.28311359370006
 30
0.0
 10
73.81151528102629
 20
-52.28311359370006
 30
0.0
 10
73.81151528102629
 20
-52.28311359370006
 30
0.0
 10
71.44094507762588
 20
-55.73751083676007
 30
0.0
 10
71.44094507762588
 20
-55.73751083676007
 30
0.0
 10
71.18480222829756
 20
-56.11405977329787
 30
0.0
 10
70.85390080693931
 20
-56.30198973201826
 30
0.0
 10
70.44737953967983
 20
-56.30198973201826
 30
0.0
 10
70.07100285791628
 20
-56.30198973201826
 30
0.0
 10
69.77007376727971
 20
-56.12921819343298
 30
0.0
 10
69.54442001299584
 20
-55.78281384239111
 30
0.0
 10
69.54442001299584
 20
-55.78281384239111
 30
0.0
 10
67.19624293024955
 20
-52.21541746741489
 30
0.0
 10
67.19624293024955
 20
-52.21541746741489
 30
0.0
 10
67.19624293024955
 20
-52.21541746741489
 30
0.0
 10
67.19624293024955
 20
-60.47641193149548
 30
0.0
 10
67.19624293024955
 20
-60.47641193149548
 30
0.0
 10
67.19624293024955
 20
-61.11030950078145
 30
0.0
 10
66.89496933006446
 20
-61.42725828542444
 30
0.0
 10
66.29311114879131
 20
-61.42725828542444
 30
0.0
 10
65.67575003783453
 20
-61.42725828542444
 30
0.0
 10
65.36741399190468
 20
-61.11082626510424
 30
0.0
 10
65.36741399190468
 20
-60.47710095059254
 30
0.0
 10
65.36741399190468
 20
-60.47710095059254
 30
0.0
 10
65.36741399190468
 20
-49.77887368547195
 30
0.0
 10
65.36741399190468
 20
-49.77887368547195
 30
0.0
 10
65.36741399190468
 20
-49.100362129652
 30
0.0
 10
65.69228649616373
 20
-48.76102022435489
 30
0.0
 10
66.34289277855316
 20
-48.76102022435489
 30
0.0
 10
66.81142576454715
 20
-48.76102022435489
 30
0.0
 10
67.1969319493466
 20
-48.98477917612186
 30
0.0
 10
67.4995835877258
 20
-49.43195257010729
 30
0.0
 10
67.4995835877258
 20
-49.43195257010729
 30
0.0
 10
70.49009872369692
 20
-53.81066893185984
 30
0.0
 10
70.49009872369692
 20
-53.81066893185984
 30
0.0
 10
70.49009872369692
 20
-53.81066893185984
 30
0.0
 10
73.53349607536663
 20
-49.45606823850404
 30
0.0
 10
73.53349607536663
 20
-49.45606823850404
 30
0.0
 10
73.89592012041491
 20
-48.94774439965543
 30
0.0
 10
74.28848875095913
 20
-48.69332409806972
 30
0.0
 10
74.71154647654781
 20
-48.69332409806972
 30
0.0
 10
74.96837834497319
 20
-48.69332409806972
 30
0.0
 10
75.18352455802705
 20
-48.7949544148846
 30
0.0
 10
75.35698511570936
 20
-48.99804279374008
 30
0.0
 10
75.53061792816597
 20
-49.20130342736982
 30
0.0
 10
75.61777884394279
 20
-49.46089137218339
 30
0.0
 10
75.61777884394279
 20
-49.77697888295506
 30
0.0
 10
75.61777884394279
 20
-49.77697888295506
 30
0.0
 10
75.61777884394279
 20
-60.45625812290677
 30
0.0
 10
75.61777884394279
 20
-60.45625812290677
 30
0.0
  0
SPLINE
  5
47
330
41
100
AcDbEntity
  8
Layer 1
 62
     7
370
    35
100
AcDbSpline
210
0.0
220
0.0
230
1.0
 70
    11
 71
     3
 72
    29
 73
    25
 74
     0
 42
0.0000000001
 43
0.0000000001
 12
1.0
 22
0.0
 32
0.0
 13
1.0
 23
0.0
 33
0.0
 40
0.0
 40
0.0
 40
0.0
 40
0.0
 40
1.0
 40
1.0
 40
1.0
 40
2.0
 40
2.0
 40
2.0
 40
3.0
 40
3.0
 40
3.0
 40
4.0
 40
4.0
 40
4.0
 40
5.0
 40
5.0
 40
5.0
 40
6.0
 40
6.0
 40
6.0
 40
7.0
 40
7.0
 40
7.0
 40
8.0
 40
8.0
 40
8.0
 40
8.0
 10
87.94501950926374
 20
-55.08277043978834
 30
0.0
 10
87.94501950926374
 20
-56.73882783954794
 30
0.0
 10
87.53091903193672
 20
-58.19110784135501
 30
0.0
 10
86.70323484160545
 20
-59.4402994643066
 30
0.0
 10
85.8001030601472
 20
-60.7950832638811
 30
0.0
 10
84.6487521489767
 20
-61.47238903628121
 30
0.0
 10
83.24883759854544
 20
-61.47238903628121
 30
0.0
 10
81.84909530288843
 20
-61.47238903628121
 30
0.0
 10
80.69757213694366
 20
-60.78767630858781
 30
0.0
 10
79.79444035548542
 20
-59.41773408887821
 30
0.0
 10
78.96658391037988
 20
-58.16854246592662
 30
0.0
 10
78.55265568782711
 20
-56.72366941941284
 30
0.0
 10
78.55265568782711
 20
-55.08277043978834
 30
0.0
 10
78.55265568782711
 20
-53.44238822448663
 30
0.0
 10
78.98174233051499
 20
-52.00492213326613
 30
0.0
 10
79.83957110634219
 20
-50.77054442090112
 30
0.0
 10
80.75751679838702
 20
-49.43091904146171
 30
0.0
 10
81.8942260537452
 20
-48.76102022435489
 30
0.0
 10
83.24883759854544
 20
-48.76102022435489
 30
0.0
 10
84.69388289983348
 20
-48.76102022435489
 30
0.0
 10
85.8602199763648
 20
-49.43091904146171
 30
0.0
 10
86.74836559246222
 20
-50.77054442090112
 30
0.0
 10
87.54607745207181
 20
-51.97477754777019
 30
0.0
 10
87.94501950926374
 20
-53.41207138421643
 30
0.0
 10
87.94501950926374
 20
-55.08277043978834
 30
0.0
  0
SPLINE
  5
48
330
41
100
AcDbEntity
  8
Layer 1
 62
     7
370
    35
100
AcDbSpline
210
0.0
220
0.0
230
1.0
 70
    11
 71
     3
 72
    29
 73
    25
 74
     0
 42
0.0000000001
 43
0.0000000001
 12
1.0
 22
0.0
 32
0.0
 13
1.0
 23
0.0
 33
0.0
 40
0.0
 40
0.0
 40
0.0
 40
0.0
 40
1.0
 40
1.0
 40
1.0
 40
2.0
 40
2.0
 40
2.0
 40
3.0
 40
3.0
 40
3.0
 40
4.0
 40
4.0
 40
4.0
 40
5.0
 40
5.0
 40
5.0
 40
6.0
 40
6.0
 40
6.0
 40
7.0
 40
7.0
 40
7.0
 40
8.0
 40
8.0
 40
8.0
 40
8.0
 10
86.13892820112152
 20
-55.08277043978834
 30
0.0
 10
86.13892820112152
 20
-53.89404024260288
 30
0.0
 10
85.92050914735668
 20
-52.89272323981502
 30
0.0
 10
85.48401554937553
 20
-52.08002521484458
 30
0.0
 10
84.95708819490656
 20
-51.10179035180789
 30
0.0
 10
84.21191404144703
 20
-50.61241453812815
 30
0.0
 10
83.24883759854544
 20
-50.61241453812815
 30
0.0
 10
82.33054739695208
 20
-50.61241453812815
 30
0.0
 10
81.6007039184019
 20
-51.10179035180789
 30
0.0
 10
81.05879039857211
 20
-52.08002521484458
 30
0.0
 10
80.59215221509503
 20
-52.92304008008522
 30
0.0
 10
80.35891925074361
 20
-53.92401257332455
 30
0.0
 10
80.35891925074361
 20
-55.08277043978834
 30
0.0
 10
80.35891925074361
 20
-56.24204507057491
 30
0.0
 10
80.59215221509503
 20
-57.25025226433327
 30
0.0
 10
81.05879039857211
 20
-58.10825329493475
 30
0.0
 10
81.58554549826681
 20
-59.10164657810653
 30
0.0
 10
82.31538897681699
 20
-59.59842934707956
 30
0.0
 10
83.24883759854544
 20
-59.59842934707956
 30
0.0
 10
84.18194171072535
 20
-59.59842934707956
 30
0.0
 10
84.91195744404979
 20
-59.10164657810653
 30
0.0
 10
85.43888479851876
 20
-58.10825329493475
 30
0.0
 10
85.90535072722159
 20
-57.25025226433327
 30
0.0
 10
86.13892820112152
 20
-56.24204507057491
 30
0.0
 10
86.13892820112152
 20
-55.08277043978834
 30
0.0
  0
SPLINE
  5
49
330
41
100
AcDbEntity
  8
Layer 1
 62
     7
370
    35
100
AcDbSpline
210
0.0
220
0.0
230
1.0
 70
    11
 71
     3
 72
    80
 73
    76
 74
     0
 42
0.0000000001
 43
0.0000000001
 12
1.0
 22
0.0
 32
0.0
 13
1.0
 23
0.0
 33
0.0
 40
0.0
 40
0.0
 40
0.0
 40
0.0
 40
1.0
 40
1.0
 40
1.0
 40
2.0
 40
2.0
 40
2.0
 40
3.0
 40
3.0
 40
3.0
 40
4.0
 40
4.0
 40
4.0
 40
5.0
 40
5.0
 40
5.0
 40
6.0
 40
6.0
 40
6.0
 40
7.0
 40
7.0
 40
7.0
 40
8.0
 40
8.0
 40
8.0
 40
9.0
 40
9.0
 40
9.0
 40
10.0
 40
10.0
 40
10.0
 40
11.0
 40
11.0
 40
11.0
 40
12.0
 40
12.0
 40
12.0
 40
13.0
 40
13.0
 40
13.0
 40
14.0
 40
14.0
 40
14.0
 40
15.0
 40
15.0
 40
15.0
 40
16.0
 40
16.0
 40
16.0
 40
17.0
 40
17.0
 40
17.0
 40
18.0
 40
18.0
 40
18.0
 40
19.0
 40
19.0
 40
19.0
 40
20.0
 40
20.0
 40
20.0
 40
21.0
 40
21.0
 40
21.0
 40
22.0
 40
22.0
 40
22.0
 40
23.0
 40
23.0
 40
23.0
 40
24.0
 40
24.0
 40
24.0
 40
25.0
 40
25.0
 40
25.0
 40
25.0
 10
99.2109985103535
 20
-56.7762071255629
 30
0.0
 10
99.2109985103535
 20
-58.49203693199158
 30
0.0
 10
98.74436032687642
 20
-59.76413843992008
 30
0.0
 10
97.8112562146965
 20
-60.59182263025135
 30
0.0
 10
97.14876435288295
 20
-61.17886690093793
 30
0.0
 10
96.38877628883684
 20
-61.47238903628121
 30
0.0
 10
95.53094751300962
 20
-61.47238903628121
 30
0.0
 10
94.07074379158648
 20
-61.47238903628121
 30
0.0
 10
92.84411754406328
 20
-60.78767630858781
 30
0.0
 10
91.8507242608915
 20
-59.41773408887821
 30
0.0
 10
90.91727563916305
 20
-58.15338404579152
 30
0.0
 10
90.45080971046022
 20
-56.72366941941284
 30
0.0
 10
90.45080971046022
 20
-55.12790119064511
 30
0.0
 10
90.45080971046022
 20
-53.17143146457173
 30
0.0
 10
90.93243405929815
 20
-51.58324244587156
 30
0.0
 10
91.89585501174827
 20
-50.36402315364163
 30
0.0
 10
92.81380070379308
 20
-49.20526528717785
 30
0.0
 10
93.95791691444455
 20
-48.62562797178457
 30
0.0
 10
95.32768687937988
 20
-48.62562797178457
 30
0.0
 10
96.32108016255168
 20
-48.62562797178457
 30
0.0
 10
97.10363360202618
 20
-48.82871635064004
 30
0.0
 10
97.67586396212617
 20
-49.23523761789953
 30
0.0
 10
98.03708222375462
 20
-49.47604979231849
 30
0.0
 10
98.41311439596964
 20
-49.90513643500636
 30
0.0
 10
98.80464949786828
 20
-50.5221530364146
 30
0.0
 10
98.9248833303035
 20
-50.71783445997679
 30
0.0
 10
98.98534475606964
 20
-50.91368813831325
 30
0.0
 10
98.98534475606964
 20
-51.10919730710118
 30
0.0
 10
98.98534475606964
 20
-51.35000948152014
 30
0.0
 10
98.89852834984134
 20
-51.5494805101161
 30
0.0
 10
98.7255845564818
 20
-51.70743813811481
 30
0.0
 10
98.552468508348
 20
-51.86556802088778
 30
0.0
 10
98.35316973452629
 20
-51.9444607075
 30
0.0
 10
98.12734372546817
 20
-51.9444607075
 30
0.0
 10
97.82607012528307
 20
-51.9444607075
 30
0.0
 10
97.57027178550327
 20
-51.8016614996364
 30
0.0
 10
97.35960419658024
 20
-51.51554631958639
 30
0.0
 10
97.08881969143961
 20
-51.15432805795795
 30
0.0
 10
96.85524221753967
 20
-50.90593667347144
 30
0.0
 10
96.65973304875173
 20
-50.77054442090112
 30
0.0
 10
96.34364553798007
 20
-50.57503525211319
 30
0.0
 10
95.89957272993136
 20
-50.47702228555783
 30
0.0
 10
95.32768687937988
 20
-50.47702228555783
 30
0.0
 10
94.40939667778655
 20
-50.47702228555783
 30
0.0
 10
93.67559133942832
 20
-50.90249157798618
 30
0.0
 10
93.12627086430524
 20
-51.75256888897158
 30
0.0
 10
92.57677813440789
 20
-52.60316296427977
 30
0.0
 10
92.30220402423348
 20
-53.7281588949881
 30
0.0
 10
92.30220402423348
 20
-55.12790119064511
 30
0.0
 10
92.30220402423348
 20
-56.27201740129658
 30
0.0
 10
92.58056773944166
 20
-57.28797605989676
 30
0.0
 10
93.13763967940656
 20
-58.1759494212199
 30
0.0
 10
93.75465628081481
 20
-59.1693427043917
 30
0.0
 10
94.5523681404244
 20
-59.66612547336472
 30
0.0
 10
95.53094751300962
 20
-59.66612547336472
 30
0.0
 10
96.34364553798007
 20
-59.66612547336472
 30
0.0
 10
96.88555905780987
 20
-59.2749348810146
 30
0.0
 10
97.15651581772477
 20
-58.49203693199158
 30
0.0
 10
97.29190807029508
 20
-58.08568791950636
 30
0.0
 10
97.35960419658024
 20
-57.43094752253462
 30
0.0
 10
97.35960419658024
 20
-56.52781574107638
 30
0.0
 10
97.35960419658024
 20
-56.52781574107638
 30
0.0
 10
95.89216577463807
 20
-56.52781574107638
 30
0.0
 10
95.89216577463807
 20
-56.52781574107638
 30
0.0
 10
95.2899630838164
 20
-56.52781574107638
 30
0.0
 10
94.98903399317983
 20
-56.21947969514652
 30
0.0
 10
94.98903399317983
 20
-55.60211858418975
 30
0.0
 10
94.98903399317983
 20
-54.98510198278151
 30
0.0
 10
95.2899630838164
 20
-54.67642142730312
 30
0.0
 10
95.89216577463807
 20
-54.67642142730312
 30
0.0
 10
95.89216577463807
 20
-54.67642142730312
 30
0.0
 10
99.2109985103535
 20
-54.67642142730312
 30
0.0
 10
99.2109985103535
 20
-54.67642142730312
 30
0.0
 10
99.2109985103535
 20
-54.67642142730312
 30
0.0
 10
99.2109985103535
 20
-56.7762071255629
 30
0.0
 10
99.2109985103535
 20
-56.7762071255629
 30
0.0
  0
SPLINE
  5
4A
330
41
100
AcDbEntity
  8
Layer 1
 62
     7
370
    35
100
AcDbSpline
210
0.0
220
0.0
230
1.0
 70
    11
 71
     3
 72
    50
 73
    46
 74
     0
 42
0.0000000001
 43
0.0000000001
 12
1.0
 22
0.0
 32
0.0
 13
1.0
 23
0.0
 33
0.0
 40
0.0
 40
0.0
 40
0.0
 40
0.0
 40
1.0
 40
1.0
 40
1.0
 40
2.0
 40
2.0
 40
2.0
 40
3.0
 40
3.0
 40
3.0
 40
4.0
 40
4.0
 40
4.0
 40
5.0
 40
5.0
 40
5.0
 40
6.0
 40
6.0
 40
6.0
 40
7.0
 40
7.0
 40
7.0
 40
8.0
 40
8.0
 40
8.0
 40
9.0
 40
9.0
 40
9.0
 40
10.0
 40
10.0
 40
10.0
 40
11.0
 40
11.0
 40
11.0
 40
12.0
 40
12.0
 40
12.0
 40
13.0
 40
13.0
 40
13.0
 40
14.0
 40
14.0
 40
14.0
 40
15.0
 40
15.0
 40
15.0
 40
15.0
 10
109.9352362463877
 20
-61.24656302722308
 30
0.0
 10
109.9352362463877
 20
-61.24656302722308
 30
0.0
 10
102.5522243667231
 20
-61.24656302722308
 30
0.0
 10
102.5522243667231
 20
-61.24656302722308
 30
0.0
 10
102.5522243667231
 20
-61.24656302722308
 30
0.0
 10
102.5522243667231
 20
-48.7384548489265
 30
0.0
 10
102.5522243667231
 20
-48.7384548489265
 30
0.0
 10
102.5522243667231
 20
-48.7384548489265
 30
0.0
 10
109.9352362463877
 20
-48.7384548489265
 30
0.0
 10
109.9352362463877
 20
-48.7384548489265
 30
0.0
 10
110.552252847796
 20
-48.7384548489265
 30
0.0
 10
110.8609334032744
 20
-49.04713540440488
 30
0.0
 10
110.8609334032744
 20
-49.66415200581313
 30
0.0
 10
110.8609334032744
 20
-50.2815131167699
 30
0.0
 10
110.552252847796
 20
-50.58984916269976
 30
0.0
 10
109.9352362463877
 20
-50.58984916269976
 30
0.0
 10
109.9352362463877
 20
-50.58984916269976
 30
0.0
 10
104.3359225542112
 20
-50.58984916269976
 30
0.0
 10
104.3359225542112
 20
-50.58984916269976
 30
0.0
 10
104.3359225542112
 20
-50.58984916269976
 30
0.0
 10
104.3359225542112
 20
-53.41207138421643
 30
0.0
 10
104.3359225542112
 20
-53.41207138421643
 30
0.0
 10
104.3359225542112
 20
-53.41207138421643
 30
0.0
 10
109.5965833601877
 20
-53.41207138421643
 30
0.0
 10
109.5965833601877
 20
-53.41207138421643
 30
0.0
 10
110.1984415414608
 20
-53.41207138421643
 30
0.0
 10
110.4997151416459
 20
-53.72075193969481
 30
0.0
 10
110.4997151416459
 20
-54.33776854110306
 30
0.0
 10
110.4997151416459
 20
-54.96994356264641
 30
0.0
 10
110.1984415414608
 20
-55.28603107341808
 30
0.0
 10
109.5965833601877
 20
-55.28603107341808
 30
0.0
 10
109.5965833601877
 20
-55.28603107341808
 30
0.0
 10
104.3359225542112
 20
-55.28603107341808
 30
0.0
 10
104.3359225542112
 20
-55.28603107341808
 30
0.0
 10
104.3359225542112
 20
-55.28603107341808
 30
0.0
 10
104.3359225542112
 20
-59.37260333802143
 30
0.0
 10
104.3359225542112
 20
-59.37260333802143
 30
0.0
 10
104.3359225542112
 20
-59.37260333802143
 30
0.0
 10
109.9352362463877
 20
-59.37260333802143
 30
0.0
 10
109.9352362463877
 20
-59.37260333802143
 30
0.0
 10
110.552252847796
 20
-59.37260333802143
 30
0.0
 10
110.8609334032744
 20
-59.68128389349982
 30
0.0
 10
110.8609334032744
 20
-60.29830049490807
 30
0.0
 10
110.8609334032744
 20
-60.93047551645141
 30
0.0
 10
110.552252847796
 20
-61.24656302722308
 30
0.0
 10
109.9352362463877
 20
-61.24656302722308
 30
0.0
  0
SPLINE
  5
4B
330
41
100
AcDbEntity
  8
Layer 1
 62
     7
370
    35
100
AcDbSpline
210
0.0
220
0.0
230
1.0
 70
    11
 71
     3
 72
    47
 73
    43
 74
     0
 42
0.0000000001
 43
0.0000000001
 12
1.0
 22
0.0
 32
0.0
 13
1.0
 23
0.0
 33
0.0
 40
0.0
 40
0.0
 40
0.0
 40
0.0
 40
1.0
 40
1.0
 40
1.0
 40
2.0
 40
2.0
 40
2.0
 40
3.0
 40
3.0
 40
3.0
 40
4.0
 40
4.0
 40
4.0
 40
5.0
 40
5.0
 40
5.0
 40
6.0
 40
6.0
 40
6.0
 40
7.0
 40
7.0
 40
7.0
 40
8.0
 40
8.0
 40
8.0
 40
9.0
 40
9.0
 40
9.0
 40
10.0
 40
10.0
 40
10.0
 40
11.0
 40
11.0
 40
11.0
 40
12.0
 40
12.0
 40
12.0
 40
13.0
 40
13.0
 40
13.0
 40
14.0
 40
14.0
 40
14.0
 40
14.0
 10
122.5334336716236
 20
-60.45625812290677
 30
0.0
 10
122.5334336716236
 20
-61.10376381935948
 30
0.0
 10
122.2764295484239
 20
-61.42725828542444
 30
0.0
 10
121.7631103211217
 20
-61.42725828542444
 30
0.0
 10
121.4006862760734
 20
-61.42725828542444
 30
0.0
 10
121.0754692622659
 20
-61.21796873469551
 30
0.0
 10
120.7888373178931
 20
-60.7992173784634
 30
0.0
 10
120.7888373178931
 20
-60.7992173784634
 30
0.0
 10
115.1278564165305
 20
-52.47931178158503
 30
0.0
 10
115.1278564165305
 20
-52.47931178158503
 30
0.0
 10
115.1278564165305
 20
-52.47931178158503
 30
0.0
 10
115.1278564165305
 20
-60.48519692498287
 30
0.0
 10
115.1278564165305
 20
-60.48519692498287
 30
0.0
 10
115.1278564165305
 20
-61.11323783194391
 30
0.0
 10
114.8267550711197
 20
-61.42725828542444
 30
0.0
 10
114.2252413993951
 20
-61.42725828542444
 30
0.0
 10
113.6230387085734
 20
-61.42725828542444
 30
0.0
 10
113.3219373631626
 20
-61.11220430329834
 30
0.0
 10
113.3219373631626
 20
-60.48209633904614
 30
0.0
 10
113.3219373631626
 20
-60.48209633904614
 30
0.0
 10
113.3219373631626
 20
-49.59318303881698
 30
0.0
 10
113.3219373631626
 20
-49.59318303881698
 30
0.0
 10
113.3219373631626
 20
-48.97840574947415
 30
0.0
 10
113.6078802884383
 20
-48.67075872264134
 30
0.0
 10
114.1797661389898
 20
-48.67075872264134
 30
0.0
 10
114.540812145844
 20
-48.67075872264134
 30
0.0
 10
114.8494927013223
 20
-48.85920544568451
 30
0.0
 10
115.1051187863279
 20
-49.23523761789953
 30
0.0
 10
115.1051187863279
 20
-49.23523761789953
 30
0.0
 10
120.7275146182556
 20
-57.49864364881979
 30
0.0
 10
120.7275146182556
 20
-57.49864364881979
 30
0.0
 10
120.7275146182556
 20
-57.49864364881979
 30
0.0
 10
120.7275146182556
 20
-49.68671738124151
 30
0.0
 10
120.7275146182556
 20
-49.68671738124151
 30
0.0
 10
120.7275146182556
 20
-49.05454235969817
 30
0.0
 10
121.0279269445694
 20
-48.7384548489265
 30
0.0
 10
121.6301296353911
 20
-48.7384548489265
 30
0.0
 10
122.2323323262128
 20
-48.7384548489265
 30
0.0
 10
122.5334336716236
 20
-49.05454235969817
 30
0.0
 10
122.5334336716236
 20
-49.68671738124151
 30
0.0
 10
122.5334336716236
 20
-49.68671738124151
 30
0.0
 10
122.5334336716236
 20
-60.45625812290677
 30
0.0
 10
122.5334336716236
 20
-60.45625812290677
 30
0.0
  0
SPLINE
  5
4C
330
41
100
AcDbEntity
  8
Layer 1
 62
     7
370
    35
100
AcDbSpline
210
0.0
220
0.0
230
1.0
 70
    11
 71
     3
 72
    68
 73
    64
 74
     0
 42
0.0000000001
 43
0.0000000001
 12
1.0
 22
0.0
 32
0.0
 13
1.0
 23
0.0
 33
0.0
 40
0.0
 40
0.0
 40
0.0
 40
0.0
 40
1.0
 40
1.0
 40
1.0
 40
2.0
 40
2.0
 40
2.0
 40
3.0
 40
3.0
 40
3.0
 40
4.0
 40
4.0
 40
4.0
 40
5.0
 40
5.0
 40
5.0
 40
6.0
 40
6.0
 40
6.0
 40
7.0
 40
7.0
 40
7.0
 40
8.0
 40
8.0
 40
8.0
 40
9.0
 40
9.0
 40
9.0
 40
10.0
 40
10.0
 40
10.0
 40
11.0
 40
11.0
 40
11.0
 40
12.0
 40
12.0
 40
12.0
 40
13.0
 40
13.0
 40
13.0
 40
14.0
 40
14.0
 40
14.0
 40
15.0
 40
15.0
 40
15.0
 40
16.0
 40
16.0
 40
16.0
 40
17.0
 40
17.0
 40
17.0
 40
18.0
 40
18.0
 40
18.0
 40
19.0
 40
19.0
 40
19.0
 40
20.0
 40
20.0
 40
20.0
 40
21.0
 40
21.0
 40
21.0
 40
21.0
 10
149.3104383307279
 20
-47.04519041792621
 30
0.0
 10
149.3104383307279
 20
-47.04519041792621
 30
0.0
 10
146.6911322332925
 20
-60.59182263025135
 30
0.0
 10
146.6911322332925
 20
-60.59182263025135
 30
0.0
 10
146.5237005927094
 20
-61.16405299035135
 30
0.0
 10
146.1354383315217
 20
-61.44982366085282
 30
0.0
 10
145.5263454497295
 20
-61.44982366085282
 30
0.0
 10
144.9172525679374
 20
-61.44982366085282
 30
0.0
 10
144.5365695168173
 20
-61.17387151248431
 30
0.0
 10
144.3839517868207
 20
-60.62179496097303
 30
0.0
 10
144.3839517868207
 20
-60.62179496097303
 30
0.0
 10
141.5868787623463
 20
-50.44584417141632
 30
0.0
 10
141.5868787623463
 20
-50.44584417141632
 30
0.0
 10
141.5868787623463
 20
-50.44584417141632
 30
0.0
 10
139.0182155685441
 20
-60.5925116493484
 30
0.0
 10
139.0182155685441
 20
-60.5925116493484
 30
0.0
 10
138.8673203862901
 20
-61.16405299035135
 30
0.0
 10
138.4831922396848
 20
-61.44982366085282
 30
0.0
 10
137.8651421096309
 20
-61.44982366085282
 30
0.0
 10
137.2019612287203
 20
-61.44982366085282
 30
0.0
 10
136.8099093624989
 20
-61.16405299035135
 30
0.0
 10
136.6893310205152
 20
-60.59182263025135
 30
0.0
 10
136.6893310205152
 20
-60.59182263025135
 30
0.0
 10
133.8895019196526
 20
-47.04519041792621
 30
0.0
 10
133.8895019196526
 20
-47.04519041792621
 30
0.0
 10
133.8743434995175
 20
-46.9699150815735
 30
0.0
 10
133.8671087989985
 20
-46.89481199999505
 30
0.0
 10
133.8671087989985
 20
-46.81936440886808
 30
0.0
 10
133.8671087989985
 20
-46.54840764895318
 30
0.0
 10
133.9652940203281
 20
-46.33033310473687
 30
0.0
 10
134.1620089725359
 20
-46.16462401189634
 30
0.0
 10
134.3587239247437
 20
-45.99908717383009
 30
0.0
 10
134.5857557172216
 20
-45.91623262740983
 30
0.0
 10
134.8431043499698
 20
-45.91623262740983
 30
0.0
 10
135.3578016154661
 20
-45.91623262740983
 30
0.0
 10
135.6682047186871
 20
-46.17168645764111
 30
0.0
 10
135.7743136596328
 20
-46.68173284423235
 30
0.0
 10
135.7743136596328
 20
-46.68173284423235
 30
0.0
 10
137.9336995097874
 20
-57.24077825174884
 30
0.0
 10
137.9336995097874
 20
-57.24077825174884
 30
0.0
 10
137.9336995097874
 20
-57.24077825174884
 30
0.0
 10
140.6177734023456
 20
-46.63866915066672
 30
0.0
 10
140.6177734023456
 20
-46.63866915066672
 30
0.0
 10
140.7380072347808
 20
-46.15721705660306
 30
0.0
 10
141.0466877902592
 20
-45.91623262740983
 30
0.0
 10
141.5434705592322
 20
-45.91623262740983
 30
0.0
 10
142.0250949080701
 20
-45.91623262740983
 30
0.0
 10
142.3258517439324
 20
-46.14205863646796
 30
0.0
 10
142.4467745954647
 20
-46.59319389026142
 30
0.0
 10
142.4467745954647
 20
-46.59319389026142
 30
0.0
 10
145.373727719733
 20
-57.17687173049745
 30
0.0
 10
145.373727719733
 20
-57.17687173049745
 30
0.0
 10
145.373727719733
 20
-57.17687173049745
 30
0.0
 10
147.4256265907478
 20
-46.68173284423235
 30
0.0
 10
147.4256265907478
 20
-46.68173284423235
 30
0.0
 10
147.5317355316935
 20
-46.17168645764111
 30
0.0
 10
147.8342149152984
 20
-45.91623262740983
 30
0.0
 10
148.3337537606596
 20
-45.91623262740983
 30
0.0
 10
148.6365776538131
 20
-45.91623262740983
 30
0.0
 10
148.8901366815275
 20
-46.02165254925848
 30
0.0
 10
149.0944308438028
 20
-46.23232013818151
 30
0.0
 10
149.2983804965296
 20
-46.44333223665306
 30
0.0
 10
149.3703829921713
 20
-46.71428899656796
 30
0.0
 10
149.3104383307279
 20
-47.04519041792621
 30
0.0
  0
SPLINE
  5
4D
330
41
100
AcDbEntity
  8
Layer 1
 62
     7
370
    35
100
AcDbSpline
210
0.0
220
0.0
230
1.0
 70
    11
 71
     3
 72
    56
 73
    52
 74
     0
 42
0.0000000001
 43
0.0000000001
 12
1.0
 22
0.0
 32
0.0
 13
1.0
 23
0.0
 33
0.0
 40
0.0
 40
0.0
 40
0.0
 40
0.0
 40
1.0
 40
1.0
 40
1.0
 40
2.0
 40
2.0
 40
2.0
 40
3.0
 40
3.0
 40
3.0
 40
4.0
 40
4.0
 40
4.0
 40
5.0
 40
5.0
 40
5.0
 40
6.0
 40
6.0
 40
6.0
 40
7.0
 40
7.0
 40
7.0
 40
8.0
 40
8.0
 40
8.0
 40
9.0
 40
9.0
 40
9.0
 40
10.0
 40
10.0
 40
10.0
 40
11.0
 40
11.0
 40
11.0
 40
12.0
 40
12.0
 40
12.0
 40
13.0
 40
13.0
 40
13.0
 40
14.0
 40
14.0
 40
14.0
 40
15.0
 40
15.0
 40
15.0
 40
16.0
 40
16.0
 40
16.0
 40
17.0
 40
17.0
 40
17.0
 40
17.0
 10
160.9607177331973
 20
-52.35098197475948
 30
0.0
 10
160.9607177331973
 20
-53.64564885811637
 30
0.0
 10
160.5318033452837
 20
-54.62388372115306
 30
0.0
 10
159.673630059908
 20
-55.28603107341808
 30
0.0
 10
159.101399699808
 20
-55.7226969261735
 30
0.0
 10
158.5370930593241
 20
-55.94077147038981
 30
0.0
 10
157.9803656289077
 20
-55.94077147038981
 30
0.0
 10
157.9803656289077
 20
-55.94077147038981
 30
0.0
 10
158.1460747217482
 20
-55.9357760819362
 30
0.0
 10
158.1460747217482
 20
-55.9357760819362
 30
0.0
 10
158.1460747217482
 20
-55.9357760819362
 30
0.0
 10
160.7719265006056
 20
-59.96533201625867
 30
0.0
 10
160.7719265006056
 20
-59.96533201625867
 30
0.0
 10
160.8976724858173
 20
-60.13035209000213
 30
0.0
 10
160.9607177331973
 20
-60.31035832910644
 30
0.0
 10
160.9607177331973
 20
-60.50500622402306
 30
0.0
 10
160.9607177331973
 20
-60.7601155447058
 30
0.0
 10
160.8625325118677
 20
-60.98129067485885
 30
0.0
 10
160.667195597854
 20
-61.16853161448218
 30
0.0
 10
160.4715141742919
 20
-61.35594480887977
 30
0.0
 10
160.253095120527
 20
-61.44982366085282
 30
0.0
 10
160.0122829461081
 20
-61.44982366085282
 30
0.0
 10
159.7414984409674
 20
-61.44982366085282
 30
0.0
 10
159.5158446866836
 20
-61.32166610880153
 30
0.0
 10
159.3349771737079
 20
-61.06586776902173
 30
0.0
 10
159.3349771737079
 20
-61.06586776902173
 30
0.0
 10
155.9260551910532
 20
-55.94077147038981
 30
0.0
 10
155.9260551910532
 20
-55.94077147038981
 30
0.0
 10
155.9260551910532
 20
-55.94077147038981
 30
0.0
 10
153.8937933643043
 20
-55.94077147038981
 30
0.0
 10
153.8937933643043
 20
-55.94077147038981
 30
0.0
 10
153.8937933643043
 20
-55.94077147038981
 30
0.0
 10
153.8937933643043
 20
-60.50156112853781
 30
0.0
 10
153.8937933643043
 20
-60.50156112853781
 30
0.0
 10
153.8937933643043
 20
-61.13373615008116
 30
0.0
 10
153.5926920188935
 20
-61.44982366085282
 30
0.0
 10
152.9908338376204
 20
-61.44982366085282
 30
0.0
 10
152.3886311467987
 20
-61.44982366085282
 30
0.0
 10
152.0875298013879
 20
-61.13373615008116
 30
0.0
 10
152.0875298013879
 20
-60.50156112853781
 30
0.0
 10
152.0875298013879
 20
-60.50156112853781
 30
0.0
 10
152.0875298013879
 20
-48.7384548489265
 30
0.0
 10
152.0875298013879
 20
-48.7384548489265
 30
0.0
 10
152.0875298013879
 20
-48.7384548489265
 30
0.0
 10
157.3481906073644
 20
-48.7384548489265
 30
0.0
 10
157.3481906073644
 20
-48.7384548489265
 30
0.0
 10
158.356570055897
 20
-48.7384548489265
 30
0.0
 10
159.1916612015215
 20
-49.0397284491116
 30
0.0
 10
159.8544975728836
 20
-49.64158663038474
 30
0.0
 10
160.5917480067271
 20
-50.30407849219829
 30
0.0
 10
160.9607177331973
 20
-51.20721027365654
 30
0.0
 10
160.9607177331973
 20
-52.35098197475948
 30
0.0
  0
SPLINE
  5
4E
330
41
100
AcDbEntity
  8
Layer 1
 62
     7
370
    35
100
AcDbSpline
210
0.0
220
0.0
230
1.0
 70
    11
 71
     3
 72
    26
 73
    22
 74
     0
 42
0.0000000001
 43
0.0000000001
 12
1.0
 22
0.0
 32
0.0
 13
1.0
 23
0.0
 33
0.0
 40
0.0
 40
0.0
 40
0.0
 40
0.0
 40
1.0
 40
1.0
 40
1.0
 40
2.0
 40
2.0
 40
2.0
 40
3.0
 40
3.0
 40
3.0
 40
4.0
 40
4.0
 40
4.0
 40
5.0
 40
5.0
 40
5.0
 40
6.0
 40
6.0
 40
6.0
 40
7.0
 40
7.0
 40
7.0
 40
7.0
 10
159.1544541702808
 20
-52.35098197475948
 30
0.0
 10
159.1544541702808
 20
-51.7942545443431
 30
0.0
 10
158.977376262339
 20
-51.3653401564295
 30
0.0
 10
158.6239094655524
 20
-51.06406655624441
 30
0.0
 10
158.2700981592172
 20
-50.76313746560783
 30
0.0
 10
157.8449733763374
 20
-50.61241453812815
 30
0.0
 10
157.3481906073644
 20
-50.61241453812815
 30
0.0
 10
157.3481906073644
 20
-50.61241453812815
 30
0.0
 10
153.8937933643043
 20
-50.61241453812815
 30
0.0
 10
153.8937933643043
 20
-50.61241453812815
 30
0.0
 10
153.8937933643043
 20
-50.61241453812815
 30
0.0
 10
153.8937933643043
 20
-54.08937715661655
 30
0.0
 10
153.8937933643043
 20
-54.08937715661655
 30
0.0
 10
153.8937933643043
 20
-54.08937715661655
 30
0.0
 10
157.9803656289077
 20
-54.08937715661655
 30
0.0
 10
157.9803656289077
 20
-54.08937715661655
 30
0.0
 10
158.2060193831915
 20
-54.08937715661655
 30
0.0
 10
158.439252347543
 20
-53.96914332418132
 30
0.0
 10
158.6804090315105
 20
-53.7281588949881
 30
0.0
 10
158.9963242875079
 20
-53.39725747362986
 30
0.0
 10
159.1544541702808
 20
-52.93802624544605
 30
0.0
 10
159.1544541702808
 20
-52.35098197475948
 30
0.0
  0
SPLINE
  5
4F
330
41
100
AcDbEntity
  8
Layer 1
 62
     7
370
    35
100
AcDbSpline
210
0.0
220
0.0
230
1.0
 70
    11
 71
     3
 72
    50
 73
    46
 74
     0
 42
0.0000000001
 43
0.0000000001
 12
1.0
 22
0.0
 32
0.0
 13
1.0
 23
0.0
 33
0.0
 40
0.0
 40
0.0
 40
0.0
 40
0.0
 40
1.0
 40
1.0
 40
1.0
 40
2.0
 40
2.0
 40
2.0
 40
3.0
 40
3.0
 40
3.0
 40
4.0
 40
4.0
 40
4.0
 40
5.0
 40
5.0
 40
5.0
 40
6.0
 40
6.0
 40
6.0
 40
7.0
 40
7.0
 40
7.0
 40
8.0
 40
8.0
 40
8.0
 40
9.0
 40
9.0
 40
9.0
 40
10.0
 40
10.0
 40
10.0
 40
11.0
 40
11.0
 40
11.0
 40
12.0
 40
12.0
 40
12.0
 40
13.0
 40
13.0
 40
13.0
 40
14.0
 40
14.0
 40
14.0
 40
15.0
 40
15.0
 40
15.0
 40
15.0
 10
170.6235215502261
 20
-61.24656302722308
 30
0.0
 10
170.6235215502261
 20
-61.24656302722308
 30
0.0
 10
163.2406819253357
 20
-61.24656302722308
 30
0.0
 10
163.2406819253357
 20
-61.24656302722308
 30
0.0
 10
163.2406819253357
 20
-61.24656302722308
 30
0.0
 10
163.2406819253357
 20
-48.7384548489265
 30
0.0
 10
163.2406819253357
 20
-48.7384548489265
 30
0.0
 10
163.2406819253357
 20
-48.7384548489265
 30
0.0
 10
170.6235215502261
 20
-48.7384548489265
 30
0.0
 10
170.6235215502261
 20
-48.7384548489265
 30
0.0
 10
171.2405381516343
 20
-48.7384548489265
 30
0.0
 10
171.5492187071127
 20
-49.04713540440488
 30
0.0
 10
171.5492187071127
 20
-49.66415200581313
 30
0.0
 10
171.5492187071127
 20
-50.2815131167699
 30
0.0
 10
171.2405381516343
 20
-50.58984916269976
 30
0.0
 10
170.6235215502261
 20
-50.58984916269976
 30
0.0
 10
170.6235215502261
 20
-50.58984916269976
 30
0.0
 10
165.0242078580495
 20
-50.58984916269976
 30
0.0
 10
165.0242078580495
 20
-50.58984916269976
 30
0.0
 10
165.0242078580495
 20
-50.58984916269976
 30
0.0
 10
165.0242078580495
 20
-53.41207138421643
 30
0.0
 10
165.0242078580495
 20
-53.41207138421643
 30
0.0
 10
165.0242078580495
 20
-53.41207138421643
 30
0.0
 10
170.284868664026
 20
-53.41207138421643
 30
0.0
 10
170.284868664026
 20
-53.41207138421643
 30
0.0
 10
170.8867268452992
 20
-53.41207138421643
 30
0.0
 10
171.18782819071
 20
-53.72075193969481
 30
0.0
 10
171.18782819071
 20
-54.33776854110306
 30
0.0
 10
171.18782819071
 20
-54.96994356264641
 30
0.0
 10
170.8867268452992
 20
-55.28603107341808
 30
0.0
 10
170.284868664026
 20
-55.28603107341808
 30
0.0
 10
170.284868664026
 20
-55.28603107341808
 30
0.0
 10
165.0242078580495
 20
-55.28603107341808
 30
0.0
 10
165.0242078580495
 20
-55.28603107341808
 30
0.0
 10
165.0242078580495
 20
-55.28603107341808
 30
0.0
 10
165.0242078580495
 20
-59.37260333802143
 30
0.0
 10
165.0242078580495
 20
-59.37260333802143
 30
0.0
 10
165.0242078580495
 20
-59.37260333802143
 30
0.0
 10
170.6235215502261
 20
-59.37260333802143
 30
0.0
 10
170.6235215502261
 20
-59.37260333802143
 30
0.0
 10
171.2405381516343
 20
-59.37260333802143
 30
0.0
 10
171.5492187071127
 20
-59.68128389349982
 30
0.0
 10
171.5492187071127
 20
-60.29830049490807
 30
0.0
 10
171.5492187071127
 20
-60.93047551645141
 30
0.0
 10
171.2405381516343
 20
-61.24656302722308
 30
0.0
 10
170.6235215502261
 20
-61.24656302722308
 30
0.0
  0
SPLINE
  5
50
330
41
100
AcDbEntity
  8
Layer 1
 62
     7
370
    35
100
AcDbSpline
210
0.0
220
0.0
230
1.0
 70
    11
 71
     3
 72
    47
 73
    43
 74
     0
 42
0.0000000001
 43
0.0000000001
 12
1.0
 22
0.0
 32
0.0
 13
1.0
 23
0.0
 33
0.0
 40
0.0
 40
0.0
 40
0.0
 40
0.0
 40
1.0
 40
1.0
 40
1.0
 40
2.0
 40
2.0
 40
2.0
 40
3.0
 40
3.0
 40
3.0
 40
4.0
 40
4.0
 40
4.0
 40
5.0
 40
5.0
 40
5.0
 40
6.0
 40
6.0
 40
6.0
 40
7.0
 40
7.0
 40
7.0
 40
8.0
 40
8.0
 40
8.0
 40
9.0
 40
9.0
 40
9.0
 40
10.0
 40
10.0
 40
10.0
 40
11.0
 40
11.0
 40
11.0
 40
12.0
 40
12.0
 40
12.0
 40
13.0
 40
13.0
 40
13.0
 40
14.0
 40
14.0
 40
14.0
 40
14.0
 10
183.2222357397847
 20
-60.45625812290677
 30
0.0
 10
183.2222357397847
 20
-61.10376381935948
 30
0.0
 10
182.9652316165851
 20
-61.42725828542444
 30
0.0
 10
182.4515678797343
 20
-61.42725828542444
 30
0.0
 10
182.0891438346861
 20
-61.42725828542444
 30
0.0
 10
181.764271330427
 20
-61.21796873469551
 30
0.0
 10
181.4772948765057
 20
-60.7992173784634
 30
0.0
 10
181.4772948765057
 20
-60.7992173784634
 30
0.0
 10
175.8166584846917
 20
-52.47931178158503
 30
0.0
 10
175.8166584846917
 20
-52.47931178158503
 30
0.0
 10
175.8166584846917
 20
-52.47931178158503
 30
0.0
 10
175.8166584846917
 20
-60.48519692498287
 30
0.0
 10
175.8166584846917
 20
-60.48519692498287
 30
0.0
 10
175.8166584846917
 20
-61.11323783194391
 30
0.0
 10
175.5155571392808
 20
-61.42725828542444
 30
0.0
 10
174.9136989580077
 20
-61.42725828542444
 30
0.0
 10
174.311496267186
 20
-61.42725828542444
 30
0.0
 10
174.0103949217752
 20
-61.11220430329834
 30
0.0
 10
174.0103949217752
 20
-60.48209633904614
 30
0.0
 10
174.0103949217752
 20
-60.48209633904614
 30
0.0
 10
174.0103949217752
 20
-49.59318303881698
 30
0.0
 10
174.0103949217752
 20
-49.59318303881698
 30
0.0
 10
174.0103949217752
 20
-48.97840574947415
 30
0.0
 10
174.2963378470509
 20
-48.67075872264134
 30
0.0
 10
174.8682236976024
 20
-48.67075872264134
 30
0.0
 10
175.2296142140051
 20
-48.67075872264134
 30
0.0
 10
175.537950259935
 20
-48.85920544568451
 30
0.0
 10
175.793920854489
 20
-49.23523761789953
 30
0.0
 10
175.793920854489
 20
-49.23523761789953
 30
0.0
 10
181.4159721768683
 20
-57.49864364881979
 30
0.0
 10
181.4159721768683
 20
-57.49864364881979
 30
0.0
 10
181.4159721768683
 20
-57.49864364881979
 30
0.0
 10
181.4159721768683
 20
-49.68671738124151
 30
0.0
 10
181.4159721768683
 20
-49.68671738124151
 30
0.0
 10
181.4159721768683
 20
-49.05454235969817
 30
0.0
 10
181.7167290127306
 20
-48.7384548489265
 30
0.0
 10
182.3189317035522
 20
-48.7384548489265
 30
0.0
 10
182.9207898848254
 20
-48.7384548489265
 30
0.0
 10
183.2222357397847
 20
-49.05454235969817
 30
0.0
 10
183.2222357397847
 20
-49.68671738124151
 30
0.0
 10
183.2222357397847
 20
-49.68671738124151
 30
0.0
 10
183.2222357397847
 20
-60.45625812290677
 30
0.0
 10
183.2222357397847
 20
-60.45625812290677
 30
0.0
  0
ENDBLK
  5
44
330
41
100
AcDbEntity
  8
0
100
AcDbBlockEnd
  0
ENDSEC
  0
SECTION
  2
ENTITIES
  0
INSERT
  5
42
330
1F
100
AcDbEntity
  8
Layer 1
100
AcDbBlockReference
  2
block 2
 10
0.0
 20
0.0
 30
0.0
  0
ENDSEC
  0
SECTION
  2
OBJECTS
  0
DICTIONARY
  5
C
330
0
100
AcDbDictionary
281
     1
  3
ACAD_GROUP
350
D
  3
ACAD_LAYOUT
350
1A
  3
ACAD_MATERIAL
350
3B
  3
ACAD_MLEADERSTYLE
350
52
  3
ACAD_MLINESTYLE
350
17
  3
ACAD_PLOTSETTINGS
350
19
  3
ACAD_PLOTSTYLENAME
350
E
  3
ACAD_TABLESTYLE
350
51
  3
ACAD_VISUALSTYLE
350
2A
  0
SUN
  5
3F
330
29
100
AcDbSun
 90
        1
290
     0
 63
     7
421
 16777215
 40
1.0
291
     1
 91
  2455826
 92
 54000000
292
     0
 70
     2
 71
   256
280
     1
  0
DICTIONARY
  5
D
102
{ACAD_REACTORS
330
C
102
}
330
C
100
AcDbDictionary
281
     1
  0
DICTIONARY
  5
1A
102
{ACAD_REACTORS
330
C
102
}
330
C
100
AcDbDictionary
281
     1
  3
Layout1
350
1E
  3
Layout2
350
26
  3
Model
350
22
  0
DICTIONARY
  5
3B
102
{ACAD_REACTORS
330
C
102
}
330
C
100
AcDbDictionary
281
     1
  3
ByBlock
350
3D
  3
ByLayer
350
3C
  3
Global
350
3E
  0
DICTIONARY
  5
52
102
{ACAD_REACTORS
330
C
102
}
330
C
100
AcDbDictionary
281
     1
  0
DICTIONARY
  5
17
102
{ACAD_REACTORS
330
C
102
}
330
C
100
AcDbDictionary
281
     1
  3
Standard
350
18
  0
DICTIONARY
  5
19
102
{ACAD_REACTORS
330
C
102
}
330
C
100
AcDbDictionary
281
     1
  0
ACDBDICTIONARYWDFLT
  5
E
102
{ACAD_REACTORS
330
C
102
}
330
C
100
AcDbDictionary
281
     1
  3
Normal
350
F
100
AcDbDictionaryWithDefault
340
F
  0
DICTIONARY
  5
51
102
{ACAD_REACTORS
330
C
102
}
330
C
100
AcDbDictionary
281
     1
  0
DICTIONARY
  5
2A
102
{ACAD_REACTORS
330
C
102
}
330
C
100
AcDbDictionary
281
     1
  3
2dWireframe
350
2F
  3
3D Hidden
350
31
  3
3dWireframe
350
30
  3
Basic
350
32
  3
Brighten
350
36
  3
ColorChange
350
3A
  3
Conceptual
350
34
  3
Dim
350
35
  3
Facepattern
350
39
  3
Flat
350
2B
  3
FlatWithEdges
350
2C
  3
Gouraud
350
2D
  3
GouraudWithEdges
350
2E
  3
Linepattern
350
38
  3
Realistic
350
33
  3
Thicken
350
37
  0
LAYOUT
  5
1E
102
{ACAD_REACTORS
330
1A
102
}
330
1A
100
AcDbPlotSettings
  1

  2
none_device
  4

  6

 40
0.0
 41
0.0
 42
0.0
 43
0.0
 44
0.0
 45
0.0
 46
0.0
 47
0.0
 48
0.0
 49
0.0
140
0.0
141
0.0
142
1.0
143
1.0
 70
   688
 72
     0
 73
     0
 74
     5
  7

 75
    16
 76
     0
 77
     2
 78
   300
147
1.0
148
0.0
149
0.0
100
AcDbLayout
  1
Layout1
 70
     1
 71
     1
 10
0.0
 20
0.0
 11
12.0
 21
9.0
 12
0.0
 22
0.0
 32
0.0
 14
1.000000000000000E+20
 24
1.000000000000000E+20
 34
1.000000000000000E+20
 15
-1.000000000000000E+20
 25
-1.000000000000000E+20
 35
-1.000000000000000E+20
146
0.0
 13
0.0
 23
0.0
 33
0.0
 16
1.0
 26
0.0
 36
0.0
 17
0.0
 27
1.0
 37
0.0
 76
     0
330
1B
  0
LAYOUT
  5
26
102
{ACAD_REACTORS
330
1A
102
}
330
1A
100
AcDbPlotSettings
  1

  2
none_device
  4

  6

 40
0.0
 41
0.0
 42
0.0
 43
0.0
 44
0.0
 45
0.0
 46
0.0
 47
0.0
 48
0.0
 49
0.0
140
0.0
141
0.0
142
1.0
143
1.0
 70
   688
 72
     0
 73
     0
 74
     5
  7

 75
    16
 76
     0
 77
     2
 78
   300
147
1.0
148
0.0
149
0.0
100
AcDbLayout
  1
Layout2
 70
     1
 71
     2
 10
0.0
 20
0.0
 11
0.0
 21
0.0
 12
0.0
 22
0.0
 32
0.0
 14
0.0
 24
0.0
 34
0.0
 15
0.0
 25
0.0
 35
0.0
146
0.0
 13
0.0
 23
0.0
 33
0.0
 16
1.0
 26
0.0
 36
0.0
 17
0.0
 27
1.0
 37
0.0
 76
     0
330
23
  0
LAYOUT
  5
22
102
{ACAD_REACTORS
330
1A
102
}
330
1A
100
AcDbPlotSettings
  1

  2
none_device
  4

  6

 40
0.0
 41
0.0
 42
0.0
 43
0.0
 44
0.0
 45
0.0
 46
0.0
 47
0.0
 48
0.0
 49
0.0
140
0.0
141
0.0
142
1.0
143
1.0
 70
  1712
 72
     0
 73
     0
 74
     0
  7

 75
     0
 76
     0
 77
     2
 78
   300
147
1.0
148
0.0
149
0.0
100
AcDbLayout
  1
Model
 70
     1
 71
     0
 10
0.0
 20
0.0
 11
12.0
 21
9.0
 12
0.0
 22
0.0
 32
0.0
 14
1.000000000000000E+20
 24
1.000000000000000E+20
 34
1.000000000000000E+20
 15
-1.000000000000000E+20
 25
-1.000000000000000E+20
 35
-1.000000000000000E+20
146
0.0
 13
0.0
 23
0.0
 33
0.0
 16
1.0
 26
0.0
 36
0.0
 17
0.0
 27
1.0
 37
0.0
 76
     0
330
1F
331
29
  0
MATERIAL
  5
3D
102
{ACAD_REACTORS
330
3B
102
}
330
3B
100
AcDbMaterial
  1
ByBlock
 72
     1
 94
      127
  0
MATERIAL
  5
3C
102
{ACAD_REACTORS
330
3B
102
}
330
3B
100
AcDbMaterial
  1
ByLayer
 72
     1
 94
      127
  0
MATERIAL
  5
3E
102
{ACAD_REACTORS
330
3B
102
}
330
3B
100
AcDbMaterial
  1
Global
 72
     1
 94
      127
  0
MLINESTYLE
  5
18
102
{ACAD_REACTORS
330
17
102
}
330
17
100
AcDbMlineStyle
  2
Standard
 70
     0
  3

 62
   256
 51
90.0
 52
90.0
 71
     2
 49
0.5
 62
   256
  6
BYLAYER
 49
-0.5
 62
   256
  6
BYLAYER
  0
ACDBPLACEHOLDER
  5
F
102
{ACAD_REACTORS
330
E
102
}
330
E
  0
VISUALSTYLE
  5
2F
102
{ACAD_REACTORS
330
2A
102
}
330
2A
100
AcDbVisualStyle
  2
2dWireframe
 70
     4
177
     2
291
     0
 71
     0
176
     1
 72
     2
176
     1
 73
     0
176
     1
 90
        0
176
     1
 40
-0.6
176
     1
 41
-30.0
176
     1
 62
     5
 63
     7
421
 16777215
176
     1
 74
     1
176
     1
 91
        4
176
     1
 64
     7
176
     1
 65
   257
176
     1
 75
     1
176
     1
175
     1
176
     1
 42
1.0
176
     1
 92
        0
176
     1
 66
   257
176
     1
 43
1.0
176
     1
 76
     1
176
     1
 77
     6
176
     1
 78
     2
176
     1
 67
     7
176
     1
 79
     5
176
     1
170
     0
176
     1
171
     0
176
     1
290
     0
176
     1
 93
        1
176
     1
 44
0.0
176
     1
173
     0
176
     1
  0
VISUALSTYLE
  5
31
102
{ACAD_REACTORS
330
2A
102
}
330
2A
100
AcDbVisualStyle
  2
3D Hidden
 70
     6
177
     2
291
     0
 71
     1
176
     1
 72
     2
176
     1
 73
     2
176
     1
 90
        0
176
     1
 40
-0.6
176
     1
 41
-30.0
176
     1
 62
     5
 63
     7
421
 16777215
176
     1
 74
     2
176
     1
 91
        2
176
     1
 64
     7
176
     1
 65
   257
176
     1
 75
     2
176
     1
175
     1
176
     1
 42
40.0
176
     1
 92
        0
176
     1
 66
   257
176
     1
 43
1.0
176
     1
 76
     1
176
     1
 77
     6
176
     1
 78
     2
176
     1
 67
     7
176
     1
 79
     3
176
     1
170
     0
176
     1
171
     0
176
     1
290
     0
176
     1
 93
        1
176
     1
 44
0.0
176
     1
173
     0
176
     1
  0
VISUALSTYLE
  5
30
102
{ACAD_REACTORS
330
2A
102
}
330
2A
100
AcDbVisualStyle
  2
3dWireframe
 70
     5
177
     2
291
     0
 71
     0
176
     1
 72
     2
176
     1
 73
     0
176
     1
 90
        0
176
     1
 40
-0.6
176
     1
 41
-30.0
176
     1
 62
     5
 63
     7
421
 16777215
176
     1
 74
     1
176
     1
 91
        4
176
     1
 64
     7
176
     1
 65
   257
176
     1
 75
     1
176
     1
175
     1
176
     1
 42
1.0
176
     1
 92
        0
176
     1
 66
   257
176
     1
 43
1.0
176
     1
 76
     1
176
     1
 77
     6
176
     1
 78
     2
176
     1
 67
     7
176
     1
 79
     5
176
     1
170
     0
176
     1
171
     0
176
     1
290
     0
176
     1
 93
        1
176
     1
 44
0.0
176
     1
173
     0
176
     1
  0
VISUALSTYLE
  5
32
102
{ACAD_REACTORS
330
2A
102
}
330
2A
100
AcDbVisualStyle
  2
Basic
 70
     7
177
     2
291
     1
 71
     1
176
     1
 72
     0
176
     1
 73
     1
176
     1
 90
        0
176
     1
 40
-0.6
176
     1
 41
-30.0
176
     1
 62
     5
 63
     7
421
 16777215
176
     1
 74
     0
176
     1
 91
        4
176
     1
 64
     7
176
     1
 65
   257
176
     1
 75
     1
176
     1
175
     1
176
     1
 42
1.0
176
     1
 92
        8
176
     1
 66
     7
176
     1
 43
1.0
176
     1
 76
     1
176
     1
 77
     6
176
     1
 78
     2
176
     1
 67
     7
176
     1
 79
     5
176
     1
170
     0
176
     1
171
     0
176
     1
290
     0
176
     1
 93
        1
176
     1
 44
0.0
176
     1
173
     0
176
     1
  0
VISUALSTYLE
  5
36
102
{ACAD_REACTORS
330
2A
102
}
330
2A
100
AcDbVisualStyle
  2
Brighten
 70
    12
177
     2
291
     1
 71
     2
176
     1
 72
     2
176
     1
 73
     0
176
     1
 90
        0
176
     1
 40
-0.6
176
     1
 41
-30.0
176
     1
 62
     5
 63
     7
421
 16777215
176
     1
 74
     1
176
     1
 91
        4
176
     1
 64
     7
176
     1
 65
   257
176
     1
 75
     1
176
     1
175
     1
176
     1
 42
1.0
176
     1
 92
        8
176
     1
 66
     7
176
     1
 43
1.0
176
     1
 76
     1
176
     1
 77
     6
176
     1
 78
     2
176
     1
 67
     7
176
     1
 79
     5
176
     1
170
     0
176
     1
171
     0
176
     1
290
     0
176
     1
 93
        1
176
     1
 44
50.0
176
     1
173
     0
176
     1
  0
VISUALSTYLE
  5
3A
102
{ACAD_REACTORS
330
2A
102
}
330
2A
100
AcDbVisualStyle
  2
ColorChange
 70
    16
177
     2
291
     1
 71
     2
176
     1
 72
     2
176
     1
 73
     3
176
     1
 90
        0
176
     1
 40
-0.6
176
     1
 41
-30.0
176
     1
 62
     5
 63
     8
421
  8421504
176
     1
 74
     1
176
     1
 91
        4
176
     1
 64
     7
176
     1
 65
   257
176
     1
 75
     1
176
     1
175
     1
176
     1
 42
1.0
176
     1
 92
        8
176
     1
 66
     8
424
  8421504
176
     1
 43
1.0
176
     1
 76
     1
176
     1
 77
     6
176
     1
 78
     2
176
     1
 67
     7
176
     1
 79
     5
176
     1
170
     0
176
     1
171
     0
176
     1
290
     0
176
     1
 93
        1
176
     1
 44
0.0
176
     1
173
     0
176
     1
  0
VISUALSTYLE
  5
34
102
{ACAD_REACTORS
330
2A
102
}
330
2A
100
AcDbVisualStyle
  2
Conceptual
 70
     9
177
     2
291
     0
 71
     3
176
     1
 72
     2
176
     1
 73
     0
176
     1
 90
        0
176
     1
 40
-0.6
176
     1
 41
-30.0
176
     1
 62
     5
 63
     7
421
 16777215
176
     1
 74
     2
176
     1
 91
        2
176
     1
 64
     7
176
     1
 65
   257
176
     1
 75
     1
176
     1
175
     1
176
     1
 42
40.0
176
     1
 92
        8
176
     1
 66
     7
176
     1
 43
1.0
176
     1
 76
     1
176
     1
 77
     6
176
     1
 78
     2
176
     1
 67
     7
176
     1
 79
     3
176
     1
170
     0
176
     1
171
     0
176
     1
290
     0
176
     1
 93
        1
176
     1
 44
0.0
176
     1
173
     0
176
     1
  0
VISUALSTYLE
  5
35
102
{ACAD_REACTORS
330
2A
102
}
330
2A
100
AcDbVisualStyle
  2
Dim
 70
    11
177
     2
291
     1
 71
     2
176
     1
 72
     2
176
     1
 73
     0
176
     1
 90
        0
176
     1
 40
-0.6
176
     1
 41
-30.0
176
     1
 62
     5
 63
     7
421
 16777215
176
     1
 74
     1
176
     1
 91
        4
176
     1
 64
     7
176
     1
 65
   257
176
     1
 75
     1
176
     1
175
     1
176
     1
 42
1.0
176
     1
 92
        8
176
     1
 66
     7
176
     1
 43
1.0
176
     1
 76
     1
176
     1
 77
     6
176
     1
 78
     2
176
     1
 67
     7
176
     1
 79
     5
176
     1
170
     0
176
     1
171
     0
176
     1
290
     0
176
     1
 93
        1
176
     1
 44
-50.0
176
     1
173
     0
176
     1
  0
VISUALSTYLE
  5
39
102
{ACAD_REACTORS
330
2A
102
}
330
2A
100
AcDbVisualStyle
  2
Facepattern
 70
    15
177
     2
291
     1
 71
     2
176
     1
 72
     2
176
     1
 73
     0
176
     1
 90
        0
176
     1
 40
-0.6
176
     1
 41
-30.0
176
     1
 62
     5
 63
     7
421
 16777215
176
     1
 74
     1
176
     1
 91
        4
176
     1
 64
     7
176
     1
 65
   257
176
     1
 75
     1
176
     1
175
     1
176
     1
 42
1.0
176
     1
 92
        8
176
     1
 66
     7
176
     1
 43
1.0
176
     1
 76
     1
176
     1
 77
     6
176
     1
 78
     2
176
     1
 67
     7
176
     1
 79
     5
176
     1
170
     0
176
     1
171
     0
176
     1
290
     0
176
     1
 93
        1
176
     1
 44
0.0
176
     1
173
     0
176
     1
  0
VISUALSTYLE
  5
2B
102
{ACAD_REACTORS
330
2A
102
}
330
2A
100
AcDbVisualStyle
  2
Flat
 70
     0
177
     2
291
     1
 71
     2
176
     1
 72
     1
176
     1
 73
     1
176
     1
 90
        2
176
     1
 40
-0.6
176
     1
 41
30.0
176
     1
 62
     5
 63
     7
421
 16777215
176
     1
 74
     0
176
     1
 91
        4
176
     1
 64
     7
176
     1
 65
   257
176
     1
 75
     1
176
     1
175
     1
176
     1
 42
1.0
176
     1
 92
        8
176
     1
 66
     7
176
     1
 43
1.0
176
     1
 76
     1
176
     1
 77
     6
176
     1
 78
     2
176
     1
 67
     7
176
     1
 79
     5
176
     1
170
     0
176
     1
171
     0
176
     1
290
     0
176
     1
 93
       13
176
     1
 44
0.0
176
     1
173
     0
176
     1
  0
VISUALSTYLE
  5
2C
102
{ACAD_REACTORS
330
2A
102
}
330
2A
100
AcDbVisualStyle
  2
FlatWithEdges
 70
     1
177
     2
291
     1
 71
     2
176
     1
 72
     1
176
     1
 73
     1
176
     1
 90
        2
176
     1
 40
-0.6
176
     1
 41
30.0
176
     1
 62
     5
 63
     7
421
 16777215
176
     1
 74
     1
176
     1
 91
        4
176
     1
 64
     7
176
     1
 65
   257
176
     1
 75
     1
176
     1
175
     1
176
     1
 42
1.0
176
     1
 92
        0
176
     1
 66
   257
176
     1
 43
1.0
176
     1
 76
     1
176
     1
 77
     6
176
     1
 78
     2
176
     1
 67
     7
176
     1
 79
     5
176
     1
170
     0
176
     1
171
     0
176
     1
290
     0
176
     1
 93
       13
176
     1
 44
0.0
176
     1
173
     0
176
     1
  0
VISUALSTYLE
  5
2D
102
{ACAD_REACTORS
330
2A
102
}
330
2A
100
AcDbVisualStyle
  2
Gouraud
 70
     2
177
     2
291
     1
 71
     2
176
     1
 72
     2
176
     1
 73
     1
176
     1
 90
        2
176
     1
 40
-0.6
176
     1
 41
30.0
176
     1
 62
     5
 63
     7
421
 16777215
176
     1
 74
     0
176
     1
 91
        4
176
     1
 64
     7
176
     1
 65
   257
176
     1
 75
     1
176
     1
175
     1
176
     1
 42
1.0
176
     1
 92
        0
176
     1
 66
     7
176
     1
 43
1.0
176
     1
 76
     1
176
     1
 77
     6
176
     1
 78
     2
176
     1
 67
     7
176
     1
 79
     5
176
     1
170
     0
176
     1
171
     0
176
     1
290
     0
176
     1
 93
       13
176
     1
 44
0.0
176
     1
173
     0
176
     1
  0
VISUALSTYLE
  5
2E
102
{ACAD_REACTORS
330
2A
102
}
330
2A
100
AcDbVisualStyle
  2
GouraudWithEdges
 70
     3
177
     2
291
     1
 71
     2
176
     1
 72
     2
176
     1
 73
     1
176
     1
 90
        2
176
     1
 40
-0.6
176
     1
 41
30.0
176
     1
 62
     5
 63
     7
421
 16777215
176
     1
 74
     1
176
     1
 91
        4
176
     1
 64
     7
176
     1
 65
   257
176
     1
 75
     1
176
     1
175
     1
176
     1
 42
1.0
176
     1
 92
        0
176
     1
 66
   257
176
     1
 43
1.0
176
     1
 76
     1
176
     1
 77
     6
176
     1
 78
     2
176
     1
 67
     7
176
     1
 79
     5
176
     1
170
     0
176
     1
171
     0
176
     1
290
     0
176
     1
 93
       13
176
     1
 44
0.0
176
     1
173
     0
176
     1
  0
VISUALSTYLE
  5
38
102
{ACAD_REACTORS
330
2A
102
}
330
2A
100
AcDbVisualStyle
  2
Linepattern
 70
    14
177
     2
291
     1
 71
     2
176
     1
 72
     2
176
     1
 73
     0
176
     1
 90
        0
176
     1
 40
-0.6
176
     1
 41
-30.0
176
     1
 62
     5
 63
     7
421
 16777215
176
     1
 74
     1
176
     1
 91
        4
176
     1
 64
     7
176
     1
 65
   257
176
     1
 75
     7
176
     1
175
     7
176
     1
 42
1.0
176
     1
 92
        8
176
     1
 66
     7
176
     1
 43
1.0
176
     1
 76
     1
176
     1
 77
     6
176
     1
 78
     2
176
     1
 67
     7
176
     1
 79
     5
176
     1
170
     0
176
     1
171
     0
176
     1
290
     0
176
     1
 93
        1
176
     1
 44
0.0
176
     1
173
     0
176
     1
  0
VISUALSTYLE
  5
33
102
{ACAD_REACTORS
330
2A
102
}
330
2A
100
AcDbVisualStyle
  2
Realistic
 70
     8
177
     2
291
     0
 71
     2
176
     1
 72
     2
176
     1
 73
     0
176
     1
 90
        0
176
     1
 40
-0.6
176
     1
 41
-30.0
176
     1
 62
     5
 63
     7
421
 16777215
176
     1
 74
     1
176
     1
 91
        0
176
     1
 64
     7
176
     1
 65
   257
176
     1
 75
     1
176
     1
175
     1
176
     1
 42
1.0
176
     1
 92
        8
176
     1
 66
     8
424
  7895160
176
     1
 43
1.0
176
     1
 76
     1
176
     1
 77
     6
176
     1
 78
     2
176
     1
 67
     7
176
     1
 79
     5
176
     1
170
     0
176
     1
171
     0
176
     1
290
     0
176
     1
 93
       13
176
     1
 44
0.0
176
     1
173
     0
176
     1
  0
VISUALSTYLE
  5
37
102
{ACAD_REACTORS
330
2A
102
}
330
2A
100
AcDbVisualStyle
  2
Thicken
 70
    13
177
     2
291
     1
 71
     2
176
     1
 72
     2
176
     1
 73
     0
176
     1
 90
        0
176
     1
 40
-0.6
176
     1
 41
-30.0
176
     1
 62
     5
 63
     7
421
 16777215
176
     1
 74
     1
176
     1
 91
        4
176
     1
 64
     7
176
     1
 65
   257
176
     1
 75
     1
176
     1
175
     1
176
     1
 42
1.0
176
     1
 92
       12
176
     1
 66
     7
176
     1
 43
1.0
176
     1
 76
     1
176
     1
 77
     6
176
     1
 78
     2
176
     1
 67
     7
176
     1
 79
     5
176
     1
170
     0
176
     1
171
     0
176
     1
290
     0
176
     1
 93
        1
176
     1
 44
0.0
176
     1
173
     0
176
     1
  0
ENDSEC
  0
EOF
